20
10
-30.400000
60.460000
-38.600000
-43.600000
-49.850000
64.600000
10.980000
-12.090000
95.080000
83.280000
84.990000
-34.470000
88.850000
-22.910000
50.490000
-41.020000
86.890000
-90.540000
-23.490000
28.920000
74.250000
44.000000
63.230000
16.930000
3.690000
3.310000
40.080000
81.850000
-8.870000
24.850000
-97.960000
-9.230000
-60.820000
78.000000
-46.340000
40.250000
-29.800000
-78.100000
37.360000
-17.950000
5.500000
15.230000
-52.000000
89.760000
1.200000
-52.510000
34.260000
-64.280000
-24.440000
-17.820000
12.160000
-13.860000
-41.800000
9.730000
16.550000
76.390000
-85.360000
16.100000
-67.010000
4.470000
64.600000
95.850000
-4.480000
-40.730000
24.780000
-51.510000
52.480000
79.880000
88.630000
-59.060000
-2.220000
-5.940000
-89.370000
-94.970000
-73.950000
-7.090000
26.750000
-62.440000
-24.340000
-12.500000
-84.440000
-76.240000
29.010000
-43.800000
83.150000
80.190000
-21.170000
-25.470000
-20.110000
54.460000
-77.030000
-92.980000
38.760000
-12.680000
44.230000
95.300000
-6.010000
-60.660000
7.370000
-40.130000
89.670000
-40.950000
87.630000
10.600000
-29.230000
85.930000
91.330000
79.010000
80.900000
39.650000
-14.420000
-14.140000
95.020000
90.090000
-13.510000
-92.790000
35.830000
72.210000
65.120000
34.230000
72.360000
-71.610000
-38.540000
71.440000
-84.240000
-18.890000
30.870000
60.960000
-76.490000
38.400000
63.560000
-97.170000
-91.000000
52.230000
-91.080000
-72.460000
-74.240000
-66.150000
-6.860000
-51.750000
65.490000
95.520000
-59.050000
62.150000
16.730000
-81.420000
26.990000
36.070000
-69.410000
-35.990000
-33.570000
5.320000
-19.700000
42.390000
-56.110000
-61.240000
-48.650000
97.560000
-49.220000
84.620000
67.550000
81.000000
34.500000
85.130000
50.740000
1.080000
-62.400000
31.130000
72.350000
-26.010000
-57.690000
-17.640000
-6.280000
-31.740000
25.670000
24.160000
-71.160000
-68.570000
-42.910000
-53.910000
2.410000
-84.960000
-97.190000
-3.190000
68.920000
-75.840000
-55.640000
-54.340000
-27.620000
83.920000
-8.740000
78.600000
66.670000
85.690000
-53.750000
-3.040000
-88.040000
-88.960000
68.920000
-75.840000